"","Diego Martin","Curaguate","Las Cuevas","Yarra 1","Yarra 2","Damier 1","Damier 2","Marianne 16","Marianne 3","Marianne 4","Marianne 10","Marianne 11","Paria 12","Paria 3","Paria 13","Paria 7","Paria 8","Shark river","San Souci","Mission River","Tompire","Cumana","Arima 1","Arima 2","El cedro 1","El cedro 2","Guanapo 1","Guanapo 2","Aripo 1","Aripo 2","Quare 1","Quare 2","Turure 2","Turure 3","La Seiva","Matura","Faecal Dump Road","Poole River","Guayguayare Rd, pond","Basse Terre","Oropuche South","5th Company","Mondesir","Silver Stream","Morne River","Pitch Lake","Pitch lake","Vance River","Stollmeyer","Point Fortin 1","Point Fortin 2","Snake River","Windward Rd.","Barbados","P. picta"
"Diego Martin",0,0.0886192815469811,0.083079776272487,0.0740382694262415,0.0696340581063285,0.0674142467473377,0.0743379144407548,0.0752938113124686,0.0684227963029291,0.0778436746881704,0.0729612221543217,0.0699086729203522,0.0856936437011421,0.0934314031980545,0.0713708089497448,0.075597588442648,0.0854509361305346,0.0655168707590912,0.0656279171924963,0.0715105581221813,0.0630009898780405,0.042171375081197,0.0690117381692128,0.0743962071212243,0.0764823715904242,0.0731321007734617,0.0696288246870544,0.0748683600304447,0.0789371329929065,0.0738853971842501,0.0768222655858917,0.0900513995985173,0.0757229849974027,0.0733049502773318,0.0877398312630953,0.0776097833982541,0.0779816592447969,0.11695248017346,0.0734091859493656,0.0555242210631171,0.0668065601483013,0.101812628061124,0.0944944280607006,0.200766737014253,0.0759365258276645,0.0962339018100308,0.0954604867395158,0.0734403825588847,0.0972385914611254,0.109687717006637,0.115996895994265,0.0883926248460902,0.122144367365896,0.133549807157093,0.127701211235709
"Curaguate",0.0886192815469811,0,0.0411853765369127,0.0739251189991354,0.0729902692970764,0.0658280884824607,0.0764446242361943,0.0533710925608089,0.0652147813460268,0.0848293373210475,0.00431347578647338,1.49522511216306e-16,0.0968890769189046,0.104684927476211,0.0736749493411181,0.0770520640118686,0.0914002607721638,0.0845198272892571,0.0738375530844868,0.102299759644668,0.0935293426188669,0.0975746666113113,0.0546810756239617,0.0721514882027633,0.0803569894430669,0.0665257566118134,0.0726260560120214,0.0635639661382337,0.0875629178754856,0.0702388776634267,0.0700047675665248,0.0843417143137663,0.0692856066308748,0.0671250360063784,0.101860387911979,0.0596762643331251,0.0751593005512319,0.143730101366075,0.0714518039611401,0.0625281492286652,0.0741809273286927,0.13263000012902,0.0814224486827215,0.227778416989246,0.0570846438508831,0.0974126927662726,0.0917148032863268,0.0550319520659562,0.090527449517852,0.134856879506437,0.139637301597966,0.093430423178135,0.142468861190258,0.179109054084752,0.126544753491166
"Las Cuevas",0.083079776272487,0.0411853765369127,0,0.0523782187254074,0.057855785794434,0.0418210385179349,0.0544138277888574,0.0446863185010478,0.0564214566004483,0.0782139614887562,0.00275144410221509,1.6253085475909e-16,0.092994612994496,0.0966277550551831,0.0687768051158802,0.0683134925305496,0.0886059479596172,0.0588695275533516,0.0616300637277071,0.0908680099328252,0.0847388072601862,0.0608547384167775,0.0430472122782251,0.0700009353650131,0.0787680149116006,0.0528927942019168,0.0578547102288703,0.0512127688673005,0.0775774934960234,0.0629257108030776,0.0678380480369726,0.0840384564097809,0.0457061117452994,0.0600575820627142,0.096057799511933,0.0536950979949454,0.0720395047937892,0.148700580181753,0.0618411950168774,0.0518853618155343,0.0634536652061406,0.130985577043334,0.077495397661331,0.233212994119194,0.0528150481005904,0.102218955630012,0.0863507389363807,0.0477995321286195,0.0881017476078028,0.138810036462514,0.137964486775112,0.0935396919340672,0.137911014504985,0.177401196761053,0.132485056019378
"Yarra 1",0.0740382694262415,0.0739251189991354,0.0523782187254074,0,0.0218636315958556,0.0293961234977835,0.0178644662693569,0.0498527641164703,0.0430742597876983,0.0608297787247331,0.0162402791502266,0.00885952493039939,0.0522840135652951,0.029550154105773,0.0522373403023915,0.0534612454011277,0.0723665298589693,0.0588548819948131,0.059801728516989,0.0649576677400981,0.0541497071269516,0.00943959030699809,0.0533597120835094,0.0598207991904447,0.0637123064883054,0.0574287013986769,0.0554514402034867,0.054096443499334,0.0600349760093565,0.0634075030219142,0.0610792447691346,0.0773186295329251,0.0536434360957308,0.0560134575088554,0.0816964996780375,0.0625120745484087,0.0613450990451701,0.12587795524633,0.060073982040891,0.0289315309121277,0.0631257173719915,0.117265030671729,0.0827951582497371,0.177472501387212,0.0528525862613932,0.0865071401857851,0.0805959456781904,0.0518099636940264,0.0819268249403356,0.111340079616759,0.112650651710554,0.0833224235272442,0.111162330609503,0.141920060852031,0.116053782724631
"Yarra 2",0.0696340581063285,0.0729902692970764,0.057855785794434,0.0218636315958556,0,0.0237262813371325,0.0148642927667941,0.0534168069729237,0.0388926201939587,0.0482592076296667,0.0441602757687245,0.0415124590774039,0.0358375764105902,0.0331003608341296,0.038543253303823,0.0429394057355036,0.0590008772397989,0.0627203057741586,0.0569562724905379,0.0685391301335212,0.0608893857260143,8.11704800082061e-17,0.0549242408271718,0.0646175768996213,0.0690084857891174,0.0635590128671732,0.0572770009356824,0.0579239138752473,0.0691925151192691,0.0645875318024346,0.069415273943029,0.0803625057481845,0.0583310182277703,0.0626609109113195,0.0894553207087501,0.0677750199552223,0.0689813052155224,0.119937340244158,0.0595017323087778,0.0394341464407743,0.0639548224636725,0.118062688706215,0.0795371150178925,0.187400330197731,0.0594746891756049,0.0812967422870022,0.0704397599118427,0.0581331049676316,0.0812565329933494,0.109898869671854,0.112466774900621,0.0822194602902855,0.114434025147087,0.151135492480961,0.123609821325796
"Damier 1",0.0674142467473377,0.0658280884824607,0.0418210385179349,0.0293961234977835,0.0237262813371325,0,0.0193085813368105,0.0445003451754982,0.0392693092277493,0.0458336239437724,0.042948226424977,0.0439336746675454,0.0419520521493303,0.0528565589337329,0.0342730563945191,0.0417693036287497,0.0604737221671796,0.0516944899208305,0.0395864131923109,0.0774631032113579,0.0660240306035942,0.0150353528829015,0.0374284141402792,0.0617024653548914,0.0694946929844249,0.0498199532911489,0.0490998558785441,0.045360953639856,0.0727952579085242,0.0535905180392254,0.0671705320751817,0.0761817764669147,0.0419248639334787,0.0552862477958977,0.0959007909559779,0.0580698985536013,0.0639885613805248,0.118137232417955,0.0557969583618783,0.038785473670196,0.0542809714899877,0.128832594858684,0.0779136899239085,0.210296755868312,0.0473743368083413,0.0746873305329069,0.0598353355079041,0.0466007974644669,0.0836214297466971,0.109265333722777,0.117265187678922,0.0819682248512422,0.116148409704884,0.16053189950699,0.126053620382285
"Damier 2",0.0743379144407548,0.0764446242361943,0.0544138277888574,0.0178644662693569,0.0148642927667941,0.0193085813368105,0,0.0500561448319205,0.0399831473313258,0.0511545963377616,0.039475142740017,0.0371696504631119,0.0388349844198513,0.0339771381586984,0.0408569466536073,0.0468837166115334,0.062767699581628,0.06173681430649,0.0511718953793032,0.0706678291487387,0.0648129555356155,0.00898476686567156,0.0507334971551303,0.0636931759913725,0.0684778971622674,0.0574179687623591,0.0556465119484145,0.0538031355490324,0.0675312282751714,0.0641183466074372,0.0654198167960545,0.0794300029497112,0.0529114002324211,0.0600033309229204,0.0877200436356622,0.0639255681443996,0.0646684957672557,0.120769981857847,0.0578007407686799,0.0337031298426609,0.0623145103686696,0.124216576306523,0.0867102818647192,0.192896117289523,0.0561074160250397,0.0844695069561944,0.0721727036499508,0.0535987457571656,0.0854611555081437,0.106172354790359,0.10813549232,0.0837462115882124,0.116501246604074,0.155367991189325,0.122580093093371
"Marianne 16",0.0752938113124686,0.0533710925608089,0.0446863185010478,0.0498527641164703,0.0534168069729237,0.0445003451754982,0.0500561448319205,0,0.0528469741862512,0.0655329345247811,0.0585520707748088,0.061109382251927,0.0760838061052008,0.0826772448535079,0.0605715392830534,0.0624275285596331,0.0764683693832131,0.0562296015367644,0.0561275953674665,0.0682198264761473,0.0742694156299772,0.0443002614649597,0.0425099797873265,0.0623015919411623,0.0667731751503568,0.0466061780304003,0.053787156743748,0.0445625392725118,0.0660966380325601,0.054316941250917,0.0576111582556324,0.0745095130201673,0.0447308043754776,0.0555394201402983,0.088858835985285,0.0428753307393596,0.0641508042399201,0.11722183331386,0.0582369726454455,0.0623378950937345,0.0609220110963992,0.123258677369088,0.0822532418029503,0.196603897814978,0.0541306471426134,0.0841512521499399,0.0697040643489979,0.0501131385852457,0.0837549624942932,0.113928918745731,0.121536713184887,0.083873652793225,0.117314544870098,0.161872696787604,0.106627954805893
"Marianne 3",0.0684227963029291,0.0652147813460268,0.0564214566004483,0.0430742597876983,0.0388926201939587,0.0392693092277493,0.0399831473313258,0.0528469741862512,0,0.0182121792985006,0.0629002366186017,0.0761516190057639,0.0303156290566203,0.0471322391730574,0.0228013614131295,0.0233166361929589,0.0344540140509095,0.0568152340379179,0.0575875925259157,0.051357086281397,0.048104845949713,0.0270909285338325,0.0553653271044649,0.0565510138938864,0.0561752066603097,0.0572442330829942,0.056195749300116,0.0565915495962046,0.0534070307092877,0.06457228778176,0.0576063004393943,0.0772863643905964,0.0588739733062556,0.0601118159833269,0.0763111899166662,0.0583197920803469,0.0629096346979904,0.124256368880064,0.0570630301244023,0.0244618622067535,0.0611009621630327,0.111618001815941,0.0764867512971706,0.177349147237486,0.057466968997762,0.080511678263002,0.0839180072000325,0.05460160054978,0.072277401506035,0.0989400981736582,0.113428375863382,0.0719263469795585,0.109346690748396,0.112214490330173,0.105912012757739
"Marianne 4",0.0778436746881704,0.0848293373210475,0.0782139614887562,0.0608297787247331,0.0482592076296667,0.0458336239437724,0.0511545963377616,0.0655329345247811,0.0182121792985006,0,0.0752933079838265,0.0850666097734393,0.0336018982866532,0.0555836869291776,0.0245369598763788,0.0267424846561417,0.037789475305303,0.074210557087203,0.0621396815915119,0.0536271178020854,0.0463549461719456,7.06021892956655e-17,0.0689897250162116,0.0686341510804084,0.0697480950776797,0.0752533685288264,0.0639638152356236,0.0727527111287083,0.0594612244850766,0.0761845247316056,0.0675787771010563,0.0833587740040108,0.0790376922956609,0.0743043674454938,0.0825880257176198,0.076569247903011,0.0763891081240611,0.122676990842906,0.0731546154214081,0.0246204771287936,0.0759587044040244,0.118105216422057,0.0907904358481606,0.1900115849412,0.0686256147203511,0.0915441340812816,0.0911863865893391,0.0684432365934792,0.087865233488848,0.105284834679238,0.113755715013493,0.0879677540548518,0.120152894622597,0.12748515432935,0.11957503891632
"Marianne 10",0.0729612221543217,0.00431347578647338,0.00275144410221509,0.0162402791502266,0.0441602757687245,0.042948226424977,0.039475142740017,0.0585520707748088,0.0629002366186017,0.0752933079838265,0,0.0351994355040344,0.0770617452115341,0.0634350007776052,0.0702704143439977,0.068642223003368,0.0791156000526818,0.0116718984714368,0.0689503007800752,0.0432715092831424,0.0887777184732084,1.04200264596261e-16,0.0454948992291274,0.0290763049989782,0.00301591299340805,0.0476677989297512,0.0531710103054498,0.0421425725405548,0.0256058963884961,0.0623692696135592,0.0166980227102898,0.0471177412525132,0.0505623379015114,0.0395287273752234,0.0809830394499431,0.018206154880136,0.0389981725992387,0.115130637189464,0.0342183813520098,0.0690779394742712,0.0213920949731603,0.108504610733445,0.0208120107291442,0.128347232036125,0.0262776488867498,0.0148241817394381,0.0449921920316026,0.0147075275661051,0.0397847580030593,0.116779468600451,0.101271590590609,0.0551099966287275,0.0916011622204027,1.56142437888001e-16,0.0825319708340142
"Marianne 11",0.0699086729203522,1.49522511216306e-16,1.6253085475909e-16,0.00885952493039939,0.0415124590774039,0.0439336746675454,0.0371696504631119,0.061109382251927,0.0761516190057639,0.0850666097734393,0.0351994355040344,0,0.0786807693294939,0.0563635286628403,0.0763931533670454,0.0744252733193088,0.0812701798631307,0.0100375935435053,0.0724319944581005,0.0524965773560402,0.0993182351015984,1.09736825977408e-16,0.0437192806935283,0.0395710057396361,0.00320706531451156,0.0492336321869971,0.0565697882369852,0.0429713114322252,0.0268279652280011,0.0652789928609265,0.0191795721440144,0.0466966577119732,0.0545164745663639,0.0435370181780456,0.0907960407308951,0.015548439969963,0.0374701584866417,0.0964606332143562,0.0370627849462564,0.0747517911359162,0.0211848510284487,0.101375818515959,0.0253536909840241,0.113975879558345,0.0298340330769127,0.0150030446701797,0.0406042472426376,0.0181454843372622,0.0364954461060284,0.110201358694035,0.0952962118866115,0.0604448313116626,0.0727674428009624,1.69989043839469e-16,0.0677684843199087
"Paria 12",0.0856936437011421,0.0968890769189046,0.092994612994496,0.0522840135652951,0.0358375764105902,0.0419520521493303,0.0388349844198513,0.0760838061052008,0.0303156290566203,0.0336018982866532,0.0770617452115341,0.0786807693294939,0,0.0429612805139861,0.0337319892169313,0.0352787777785401,0.0476504741096513,0.086615862602239,0.0732213544821906,0.0602511024062114,0.0529100134091749,0.022814642724472,0.0742209341592138,0.0757648956393601,0.0783865862004193,0.0855012235514566,0.076393024208869,0.0819189031831654,0.0640226219661689,0.088442993320428,0.0748191919844064,0.0907168186844612,0.0870103016132759,0.0822626774844438,0.0841976165102879,0.0841014712999817,0.0827597490534573,0.126864414678151,0.0774570564773586,0.0283466390436976,0.0834945433297959,0.119673719220428,0.104208650936384,0.189820405405373,0.0798857731891961,0.099846260668612,0.0921914534590063,0.0801130835827582,0.0982386213549901,0.111283892162846,0.11546641658651,0.099277292670152,0.130918198538851,0.145130499445771,0.127473591949544
"Paria 3",0.0934314031980545,0.104684927476211,0.0966277550551831,0.029550154105773,0.0331003608341296,0.0528565589337329,0.0339771381586984,0.0826772448535079,0.0471322391730574,0.0555836869291776,0.0634350007776052,0.0563635286628403,0.0429612805139861,0,0.0592477691556682,0.057943519096146,0.0690541052766049,0.0907805607229083,0.0884080849264623,0.060074109785513,0.0574480955350224,0.0336455534877844,0.0911874672878808,0.0779988784360043,0.0821654150737971,0.0914224146251749,0.0878941423368263,0.0898680293408748,0.0617910443370938,0.0987395100905678,0.0806731309834929,0.091208663340168,0.0925702116318151,0.0860434394153747,0.0863794929149641,0.0925393836113374,0.0886871684343317,0.132774023050437,0.079611334436445,0.0270995871146302,0.0887654203195191,0.117260709567249,0.102431687376221,0.166269069246252,0.0868740691684444,0.10227629929697,0.103709172178561,0.0832013742883732,0.0995168554484603,0.116979115478528,0.116582999410486,0.102621170067099,0.125586423513558,0.147464023906854,0.130036949989241
"Paria 13",0.0713708089497448,0.0736749493411181,0.0687768051158802,0.0522373403023915,0.038543253303823,0.0342730563945191,0.0408569466536073,0.0605715392830534,0.0228013614131295,0.0245369598763788,0.0702704143439977,0.0763931533670454,0.0337319892169313,0.0592477691556682,0,0.0265399624483195,0.0378864257558685,0.0664778223474812,0.049110332592967,0.0655811067521722,0.057288312389291,0.0215699600664726,0.0611981213745156,0.0647814254328219,0.0696529457918443,0.0665581032295555,0.0581014831864888,0.0626856898431112,0.0675888199978003,0.0712063170436845,0.0685692862868153,0.0827892672634499,0.0664520645233685,0.0668109234161263,0.0894937338036904,0.0700237556718123,0.0702190051752532,0.119417810101406,0.0661673481356093,0.0283510718393243,0.066936191656695,0.121840010579275,0.0846583525347866,0.197995256922517,0.0620833926351727,0.081280162167513,0.0779051282826202,0.0627397470239287,0.0850139243500364,0.104421684086828,0.113971261371921,0.0897467520225418,0.12558657113679,0.133843986694772,0.123092728383091
"Paria 7",0.075597588442648,0.0770520640118686,0.0683134925305496,0.0534612454011277,0.0429394057355036,0.0417693036287497,0.0468837166115334,0.0624275285596331,0.0233166361929589,0.0267424846561417,0.068642223003368,0.0744252733193088,0.0352787777785401,0.057943519096146,0.0265399624483195,0,0.033665519063567,0.0687279580133681,0.0568361437517444,0.0631690901681529,0.0558313159537011,0.0306810202393456,0.065525097972425,0.0649557520283304,0.066757596681385,0.0690931711022089,0.06100072454437,0.0683986367274169,0.0663756292844064,0.0711821295370695,0.0668590351746483,0.0824188637316473,0.0693087085912405,0.0678399636277876,0.0884728993339184,0.0691060909528471,0.0746739097579358,0.118536889703239,0.0663116576147326,0.0454240344608677,0.0720000560763598,0.126450323683104,0.0777188466109967,0.186215969143377,0.0669035455153557,0.080152750513717,0.0868277032448462,0.0660165929242651,0.0812523762271504,0.0889977307261098,0.105469254889302,0.0750782910113513,0.110074382702784,0.122622659676777,0.115105496897372
"Paria 8",0.0854509361305346,0.0914002607721638,0.0886059479596172,0.0723665298589693,0.0590008772397989,0.0604737221671796,0.062767699581628,0.0764683693832131,0.0344540140509095,0.037789475305303,0.0791156000526818,0.0812701798631307,0.0476504741096513,0.0690541052766049,0.0378864257558685,0.033665519063567,0,0.0845383375373316,0.0747938245828144,0.0584645531330536,0.0644742028409285,0.0528992427955088,0.0800825550115926,0.0768688224423998,0.0812533053544483,0.0819642800483793,0.0771279929041061,0.0855710262288488,0.0779222378532909,0.0889312643862196,0.0793976894706637,0.0927815740099793,0.0906768753690869,0.0833078308913627,0.0905181281558206,0.0826851257991919,0.0862048679000169,0.125065184237854,0.0816739628105909,0.0268130343614583,0.0843989729143877,0.123844480633901,0.0956149356682211,0.192411863195142,0.0836110624034981,0.101132309793315,0.105123701065503,0.0826896836492719,0.0968016567227737,0.107442099999445,0.121136033003699,0.0932312120669106,0.129878857213518,0.120738006468157,0.124126802525256
"Shark river",0.0655168707590912,0.0845198272892571,0.0588695275533516,0.0588548819948131,0.0627203057741586,0.0516944899208305,0.06173681430649,0.0562296015367644,0.0568152340379179,0.074210557087203,0.0116718984714368,0.0100375935435053,0.086615862602239,0.0907805607229083,0.0664778223474812,0.0687279580133681,0.0845383375373316,0,0.0665821142595663,0.0732554925619545,0.0626297082356048,7.42644975779377e-17,0.0589480306771205,0.0658967068475219,0.0734584617315184,0.063515857564524,0.0631394316188146,0.0594965134021171,0.0641376580184529,0.0725357958099564,0.0674306810152335,0.0855567359479404,0.0557400178671645,0.0630238923882469,0.0929604252174432,0.0610784014126562,0.0706386264113211,0.140210199530778,0.060815028060418,0.0497899151990947,0.0537291793119122,0.111660280629134,0.0986925632644801,0.191870936035455,0.0605708087980192,0.101797920970043,0.0985733963494698,0.0578767539646115,0.0953067794977658,0.126687126996136,0.128056697951231,0.0870327817904195,0.137696394048672,0.163010977150376,0.141091475252197
"San Souci",0.0656279171924963,0.0738375530844868,0.0616300637277071,0.059801728516989,0.0569562724905379,0.0395864131923109,0.0511718953793032,0.0561275953674665,0.0575875925259157,0.0621396815915119,0.0689503007800752,0.0724319944581005,0.0732213544821906,0.0884080849264623,0.049110332592967,0.0568361437517444,0.0747938245828144,0.0665821142595663,0,0.0955521924796288,0.0704548237041587,8.75332968019693e-17,0.0424123370768246,0.0644949492917295,0.0707465723481702,0.0566680710155685,0.0496397605885068,0.0476979843871593,0.0777240043144109,0.0588956608932737,0.0710880455712361,0.0776402906883133,0.0444026387093573,0.0489136074561062,0.0946425997525456,0.0689911326112918,0.0628815329369391,0.0887244990608696,0.0579278052144622,0.0386145625539408,0.0618941956239127,0.123180216673095,0.0846681257307756,0.224712643724986,0.0487701046616659,0.0890299659910941,0.0725131399592007,0.0513947619079164,0.076457910467384,0.0871587907528059,0.0924227352955063,0.0898963656517819,0.128620704357509,0.156565870250954,0.12988740154627
"Mission River",0.0715105581221813,0.102299759644668,0.0908680099328252,0.0649576677400981,0.0685391301335212,0.0774631032113579,0.0706678291487387,0.0682198264761473,0.051357086281397,0.0536271178020854,0.0432715092831424,0.0524965773560402,0.0602511024062114,0.060074109785513,0.0655811067521722,0.0631690901681529,0.0584645531330536,0.0732554925619545,0.0955521924796288,0,0.0556273457153983,7.90137627670663e-17,0.0879214230616036,0.0894847069409076,0.0802319788212065,0.0846990465716425,0.0720099130554407,0.0825091918459545,0.0802710509664266,0.086459029216914,0.0662233479304579,0.0831208960138387,0.0970139972476706,0.0977519950209431,0.0982439228075291,0.0729364387145584,0.0890151611726839,0.135702965579901,0.0886386101593898,0.0111014412538383,0.0785065826472887,0.117152196932006,0.0989188502384011,0.0851023297939663,0.0864448569323218,0.0924430677529637,0.10396899097729,0.0798390735857807,0.105812921001529,0.121312313853154,0.128450417658674,0.0829580231979487,0.0816843540904943,0.0856355303908895,0.0851939559020232
"Tompire",0.0630009898780405,0.0935293426188669,0.0847388072601862,0.0541497071269516,0.0608893857260143,0.0660240306035942,0.0648129555356155,0.0742694156299772,0.048104845949713,0.0463549461719456,0.0887777184732084,0.0993182351015984,0.0529100134091749,0.0574480955350224,0.057288312389291,0.0558313159537011,0.0644742028409285,0.0626297082356048,0.0704548237041587,0.0556273457153983,0,0.0926381251777791,0.0793095765647965,0.0611872175614383,0.0583795946799751,0.0792091018503104,0.0830670545772139,0.0857022198043063,0.0445738521975027,0.0875852230044783,0.0848945789576846,0.0837435899767514,0.0813340074452285,0.074488218710634,0.0969043646468982,0.0965518392172517,0.0697148260115614,0.0836863704572013,0.0840062637813325,0.0906467172807415,0.0730183758994099,0.0926079641659744,0.0759706006930719,0.0573811927904991,0.0723017403149567,0.0843872272034431,0.0993696948112676,0.072373876865914,0.0726046151678207,0.0575148071042716,0.0729977608195813,0.103191960909893,0.0829553518933132,0.0995221221787258,0.123664796981386
"Cumana",0.042171375081197,0.0975746666113113,0.0608547384167775,0.00943959030699809,8.11704800082061e-17,0.0150353528829015,0.00898476686567156,0.0443002614649597,0.0270909285338325,7.06021892956655e-17,1.04200264596261e-16,1.09736825977408e-16,0.022814642724472,0.0336455534877844,0.0215699600664726,0.0306810202393456,0.0528992427955088,7.42644975779377e-17,8.75332968019693e-17,7.90137627670663e-17,0.0926381251777791,0,0.0318538146886314,0.031954503942057,7.85439047094436e-17,7.97907112761276e-17,8.57532553357092e-17,0.0129799588954706,0.0171947938502634,0.0350409297342476,0.055791067120386,0.0659070872883611,0.0138817770699674,0.030240041573486,0.0274818363373249,0.0676284291081391,0.0304179564094584,8.00993805574451e-17,5.57606408084691e-17,0.0306136369035502,0.0240443151298405,4.81622103686523e-17,0.0530831963834202,7.70371174062213e-17,0.0229161233440698,0.0607636166947611,0.0847368036459331,0.0111463518766734,6.52434673146228e-17,9.16644720983129e-17,7.26690311739277e-17,0.0767753096776764,8.04068649147724e-17,0.100685776735103,0.151366042448407
"Arima 1",0.0690117381692128,0.0546810756239617,0.0430472122782251,0.0533597120835094,0.0549242408271718,0.0374284141402792,0.0507334971551303,0.0425099797873265,0.0553653271044649,0.0689897250162116,0.0454948992291274,0.0437192806935283,0.0742209341592138,0.0911874672878808,0.0611981213745156,0.065525097972425,0.0800825550115926,0.0589480306771205,0.0424123370768246,0.0879214230616036,0.0793095765647965,0.0318538146886314,0,0.0667384981082822,0.0548586062066132,0.0244729558382184,0.0471004758278822,0.0339533431244212,0.0767737777015048,0.0338542884241563,0.0583622028356583,0.0706804895786786,0.0346806265893989,0.0378743248588686,0.0990978773353184,0.0512499329726492,0.0454060709181333,0.0899444375226452,0.0434844512326628,0.0464986100673917,0.0544489292600167,0.136652524987037,0.0879554430697578,0.230690595229205,0.0436539021330438,0.0851641762425354,0.0598653965635791,0.0438697135243319,0.0767540152275512,0.123448810750365,0.126613833611444,0.0734121683384684,0.115583783656246,0.130262616214255,0.111971833600663
"Arima 2",0.0743962071212243,0.0721514882027633,0.0700009353650131,0.0598207991904447,0.0646175768996213,0.0617024653548914,0.0636931759913725,0.0623015919411623,0.0565510138938864,0.0686341510804084,0.0290763049989782,0.0395710057396361,0.0757648956393601,0.0779988784360043,0.0647814254328219,0.0649557520283304,0.0768688224423998,0.0658967068475219,0.0644949492917295,0.0894847069409076,0.0611872175614383,0.031954503942057,0.0667384981082822,0,0.06706347339034,0.0659215303804896,0.06439977272777,0.0599315177663425,0.0718199727322476,0.0622771129185011,0.0580755056312246,0.0551436157353666,0.0623352182245132,0.0578765723172861,0.0868988148408243,0.0694307634046031,0.0671781489681567,0.109995978385224,0.0653110331751824,0.0789106910249265,0.0665045345878097,0.129165363689386,0.0814838647282167,0.170146513502327,0.0499834172514167,0.0790186783734642,0.0820008383510233,0.0441754572006436,0.0578654576398841,0.0996592759861955,0.083986448040553,0.07151051785156,0.0835292138757776,0.119666876044389,0.100113012434183
"El cedro 1",0.0764823715904242,0.0803569894430669,0.0787680149116006,0.0637123064883054,0.0690084857891174,0.0694946929844249,0.0684778971622674,0.0667731751503568,0.0561752066603097,0.0697480950776797,0.00301591299340805,0.00320706531451156,0.0783865862004193,0.0821654150737971,0.0696529457918443,0.066757596681385,0.0812533053544483,0.0734584617315184,0.0707465723481702,0.0802319788212065,0.0583795946799751,7.85439047094436e-17,0.0548586062066132,0.06706347339034,0,0.0479215440568605,0.0700848344312953,0.0581450659833162,0.0643904093834654,0.0706425071848821,0.0586968125834292,0.0840046479806543,0.0692830627227684,0.0542160690274611,0.0879734051370962,0.0753455911868452,0.0438639417472153,0.117851660330497,0.0589047889981721,0.0399659053965704,0.0766639981491153,0.115455120715402,0.0936659265188027,0.20877891301602,0.0632110678994854,0.0967880323855331,0.0892854098532445,0.0629492723871118,0.0888638041146186,0.113313933563041,0.11723686626585,0.0903429832066795,0.115754560451882,0.0963152323327637,0.121062909799139
"El cedro 2",0.0731321007734617,0.0665257566118134,0.0528927942019168,0.0574287013986769,0.0635590128671732,0.0498199532911489,0.0574179687623591,0.0466061780304003,0.0572442330829942,0.0752533685288264,0.0476677989297512,0.0492336321869971,0.0855012235514566,0.0914224146251749,0.0665581032295555,0.0690931711022089,0.0819642800483793,0.063515857564524,0.0566680710155685,0.0846990465716425,0.0792091018503104,7.97907112761276e-17,0.0244729558382184,0.0659215303804896,0.0479215440568605,0,0.054298933631867,0.0319817901719746,0.0788797078476769,0.039865375183253,0.0582206921225906,0.0733009296572927,0.0423065452786638,0.0377311413025627,0.0984586968267704,0.0649429123653407,0.0389054681410093,0.0933952856540182,0.0400826924799898,0.0624138599837078,0.0592241892350483,0.134485152685488,0.083389950766033,0.213915181360364,0.0454708636237662,0.0843634969906415,0.072363564548194,0.0432396669099289,0.0766763399794468,0.122900674766956,0.121601881718452,0.0739281136216342,0.107599201392895,0.116366629567676,0.12120300646335
"Guanapo 1",0.0696288246870544,0.0726260560120214,0.0578547102288703,0.0554514402034867,0.0572770009356824,0.0490998558785441,0.0556465119484145,0.053787156743748,0.056195749300116,0.0639638152356236,0.0531710103054498,0.0565697882369852,0.076393024208869,0.0878941423368263,0.0581014831864888,0.06100072454437,0.0771279929041061,0.0631394316188146,0.0496397605885068,0.0720099130554407,0.0830670545772139,8.57532553357092e-17,0.0471004758278822,0.06439977272777,0.0700848344312953,0.054298933631867,0,0.0339305560124949,0.067722996732694,0.0589303154930446,0.0660740973648207,0.0763806297908671,0.0544703288672068,0.0613185787480007,0.0871872724504683,0.0619125330806526,0.0639488917023679,0.114400243477698,0.0504786191642918,0.0740546581020708,0.05736140149218,0.125593282426624,0.0823962888083108,0.195679678243528,0.0485100850063716,0.0755920673581046,0.0790000763107189,0.0438793795909034,0.0784193251542136,0.10858495373326,0.117526753122463,0.0743226162375113,0.11432871512203,0.156936966320667,0.123335698600668
"Guanapo 2",0.0748683600304447,0.0635639661382337,0.0512127688673005,0.054096443499334,0.0579239138752473,0.045360953639856,0.0538031355490324,0.0445625392725118,0.0565915495962046,0.0727527111287083,0.0421425725405548,0.0429713114322252,0.0819189031831654,0.0898680293408748,0.0626856898431112,0.0683986367274169,0.0855710262288488,0.0594965134021171,0.0476979843871593,0.0825091918459545,0.0857022198043063,0.0129799588954706,0.0339533431244212,0.0599315177663425,0.0581450659833162,0.0319817901719746,0.0339305560124949,0,0.0815722437817162,0.0368507352490521,0.0633933160698874,0.0716166833395316,0.0388216574575036,0.0452530135507869,0.089831423406523,0.0586308791603807,0.0533199380286427,0.0883444036638507,0.0370272315771474,0.0748391602502208,0.0490113780678117,0.134283397399325,0.0750863841630781,0.199781112525366,0.0393538520539818,0.0651973098159901,0.0660486704504179,0.0348943828347383,0.0670324358806881,0.117421275173116,0.115084440948214,0.063531494155517,0.100596865629112,0.14484012727341,0.118692526447275
"Aripo 1",0.0789371329929065,0.0875629178754856,0.0775774934960234,0.0600349760093565,0.0691925151192691,0.0727952579085242,0.0675312282751714,0.0660966380325601,0.0534070307092877,0.0594612244850766,0.0256058963884961,0.0268279652280011,0.0640226219661689,0.0617910443370938,0.0675888199978003,0.0663756292844064,0.0779222378532909,0.0641376580184529,0.0777240043144109,0.0802710509664266,0.0445738521975027,0.0171947938502634,0.0767737777015048,0.0718199727322476,0.0643904093834654,0.0788797078476769,0.067722996732694,0.0815722437817162,0,0.0931114944340467,0.0731991039116841,0.0870653496403226,0.0832684954511,0.0850457994147167,0.0818458470236428,0.0711590133214351,0.0791444040945871,0.139308827411856,0.08102412406811,0.0702810378242087,0.0782728909058815,0.0965435259168305,0.0966958385011181,0.182896895769102,0.0773420960190714,0.0950251724338348,0.104288539893363,0.0748566576375581,0.0887673317976295,0.0883230660827367,0.113214791352071,0.0953984926091275,0.082015235948748,0.103584921365336,0.107736825090253
"Aripo 2",0.0738853971842501,0.0702388776634267,0.0629257108030776,0.0634075030219142,0.0645875318024346,0.0535905180392254,0.0641183466074372,0.054316941250917,0.06457228778176,0.0761845247316056,0.0623692696135592,0.0652789928609265,0.088442993320428,0.0987395100905678,0.0712063170436845,0.0711821295370695,0.0889312643862196,0.0725357958099564,0.0588956608932737,0.086459029216914,0.0875852230044783,0.0350409297342476,0.0338542884241563,0.0622771129185011,0.0706425071848821,0.039865375183253,0.0589303154930446,0.0368507352490521,0.0931114944340467,0,0.0665858985139549,0.0672296078666881,0.0462454038131237,0.054045524349396,0.105010162021542,0.0690468545660946,0.0642828748056874,0.103500971866289,0.056833639378993,0.0824254343094336,0.0545205804451379,0.142554099516464,0.0826615080632709,0.231206238931622,0.0504565627328916,0.0892013471310071,0.0756569490005881,0.0456748975655791,0.069794061564169,0.124913817959314,0.127502360507455,0.0774400672742729,0.121341680495071,0.15216838084852,0.097014076628039
"Quare 1",0.0768222655858917,0.0700047675665248,0.0678380480369726,0.0610792447691346,0.069415273943029,0.0671705320751817,0.0654198167960545,0.0576111582556324,0.0576063004393943,0.0675787771010563,0.0166980227102898,0.0191795721440144,0.0748191919844064,0.0806731309834929,0.0685692862868153,0.0668590351746483,0.0793976894706637,0.0674306810152335,0.0710880455712361,0.0662233479304579,0.0848945789576846,0.055791067120386,0.0583622028356583,0.0580755056312246,0.0586968125834292,0.0582206921225906,0.0660740973648207,0.0633933160698874,0.0731991039116841,0.0665858985139549,0,0.0529191691270068,0.0704671971186508,0.0559732558224687,0.0873141524864901,0.0548442354831012,0.0561033034778736,0.110327529644114,0.058875625805933,0.0779508251732306,0.064788115634062,0.120076105459864,0.0889753618674358,0.18296183287395,0.0589754934136078,0.0832031685128168,0.0857555682682286,0.0512135820035145,0.0732446831819251,0.110245087215784,0.115345348724566,0.0760204597433171,0.0949746320719429,0.135679773456991,0.0936913040266909
"Quare 2",0.0900513995985173,0.0843417143137663,0.0840384564097809,0.0773186295329251,0.0803625057481845,0.0761817764669147,0.0794300029497112,0.0745095130201673,0.0772863643905964,0.0833587740040108,0.0471177412525132,0.0466966577119732,0.0907168186844612,0.091208663340168,0.0827892672634499,0.0824188637316473,0.0927815740099793,0.0855567359479404,0.0776402906883133,0.0831208960138387,0.0837435899767514,0.0659070872883611,0.0706804895786786,0.0551436157353666,0.0840046479806543,0.0733009296572927,0.0763806297908671,0.0716166833395316,0.0870653496403226,0.0672296078666881,0.0529191691270068,0,0.0806566839685015,0.0688394307894619,0.102048364205653,0.0765655749023438,0.0749904237977099,0.113447704740651,0.0728209221749557,0.104240036316114,0.0611444798112026,0.133344858153198,0.0903723649734227,0.203679000334398,0.0586252877591311,0.0836895195681681,0.0865782444330729,0.0499561231242495,0.0660032011818481,0.12166489365949,0.118986191350701,0.0807113858347768,0.107170741243126,0.154018458801834,0.0873456533809124
"Turure 2",0.0757229849974027,0.0692856066308748,0.0457061117452994,0.0536434360957308,0.0583310182277703,0.0419248639334787,0.0529114002324211,0.0447308043754776,0.0588739733062556,0.0790376922956609,0.0505623379015114,0.0545164745663639,0.0870103016132759,0.0925702116318151,0.0664520645233685,0.0693087085912405,0.0906768753690869,0.0557400178671645,0.0444026387093573,0.0970139972476706,0.0813340074452285,0.0138817770699674,0.0346806265893989,0.0623352182245132,0.0692830627227684,0.0423065452786638,0.0544703288672068,0.0388216574575036,0.0832684954511,0.0462454038131237,0.0704671971186508,0.0806566839685015,0,0.0460738429482478,0.104517279660722,0.0613421904484025,0.0607670196629893,0.105058615289148,0.0556400997021216,0.0504179221399397,0.0562436014203196,0.136617073907511,0.0864883587916693,0.226475779116017,0.0451379253851926,0.0883683952761899,0.0759019969000754,0.0448505830654733,0.0796280595528034,0.120099798367911,0.107612039513007,0.0842215954222592,0.133738154387818,0.166286132558511,0.131402129042173
"Turure 3",0.0733049502773318,0.0671250360063784,0.0600575820627142,0.0560134575088554,0.0626609109113195,0.0552862477958977,0.0600033309229204,0.0555394201402983,0.0601118159833269,0.0743043674454938,0.0395287273752234,0.0435370181780456,0.0822626774844438,0.0860434394153747,0.0668109234161263,0.0678399636277876,0.0833078308913627,0.0630238923882469,0.0489136074561062,0.0977519950209431,0.074488218710634,0.030240041573486,0.0378743248588686,0.0578765723172861,0.0542160690274611,0.0377311413025627,0.0613185787480007,0.0452530135507869,0.0850457994147167,0.054045524349396,0.0559732558224687,0.0688394307894619,0.0460738429482478,0,0.0930044236588628,0.0638430056142742,0.0374466055891218,0.0823527277872555,0.0424506158256438,0.0458293355655073,0.0620927657618713,0.123270125247315,0.0861457745793043,0.223919514050148,0.0422695832427283,0.0935663795576203,0.0745820868624174,0.0425192719901969,0.0708543835082098,0.107142089532385,0.0913412124699266,0.0806217297216878,0.122502864863242,0.13381519161929,0.109904092484772
"La Seiva",0.0877398312630953,0.101860387911979,0.096057799511933,0.0816964996780375,0.0894553207087501,0.0959007909559779,0.0877200436356622,0.088858835985285,0.0763111899166662,0.0825880257176198,0.0809830394499431,0.0907960407308951,0.0841976165102879,0.0863794929149641,0.0894937338036904,0.0884728993339184,0.0905181281558206,0.0929604252174432,0.0946425997525456,0.0982439228075291,0.0969043646468982,0.0274818363373249,0.0990978773353184,0.0868988148408243,0.0879734051370962,0.0984586968267704,0.0871872724504683,0.089831423406523,0.0818458470236428,0.105010162021542,0.0873141524864901,0.102048364205653,0.104517279660722,0.0930044236588628,0,0.0925769781400752,0.0977521147171255,0.143323928028448,0.093371746821714,0.0868219412521692,0.0970263924675722,0.110031799318429,0.102866158324578,0.154333572749797,0.0889015799035339,0.108761077138236,0.112543257520603,0.0907773618779782,0.100095975414123,0.105155157320262,0.107705146867934,0.109851474674037,0.12197455276856,0.120091955128517,0.115901248019535
"Matura",0.0776097833982541,0.0596762643331251,0.0536950979949454,0.0625120745484087,0.0677750199552223,0.0580698985536013,0.0639255681443996,0.0428753307393596,0.0583197920803469,0.076569247903011,0.018206154880136,0.015548439969963,0.0841014712999817,0.0925393836113374,0.0700237556718123,0.0691060909528471,0.0826851257991919,0.0610784014126562,0.0689911326112918,0.0729364387145584,0.0965518392172517,0.0676284291081391,0.0512499329726492,0.0694307634046031,0.0753455911868452,0.0649429123653407,0.0619125330806526,0.0586308791603807,0.0711590133214351,0.0690468545660946,0.0548442354831012,0.0765655749023438,0.0613421904484025,0.0638430056142742,0.0925769781400752,0,0.0684511121737587,0.120064615271679,0.0635110122056829,0.0598379372571419,0.0656564819978541,0.121371865688743,0.0920714335790178,0.200354295110666,0.05665670496251,0.0873409290566619,0.0821940202152638,0.059019420816491,0.0910190039995123,0.123820822780626,0.125524170491958,0.0811372410017715,0.118156371411032,0.172541420020504,0.11905880617235
"Faecal Dump Road",0.0779816592447969,0.0751593005512319,0.0720395047937892,0.0613450990451701,0.0689813052155224,0.0639885613805248,0.0646684957672557,0.0641508042399201,0.0629096346979904,0.0763891081240611,0.0389981725992387,0.0374701584866417,0.0827597490534573,0.0886871684343317,0.0702190051752532,0.0746739097579358,0.0862048679000169,0.0706386264113211,0.0628815329369391,0.0890151611726839,0.0697148260115614,0.0304179564094584,0.0454060709181333,0.0671781489681567,0.0438639417472153,0.0389054681410093,0.0639488917023679,0.0533199380286427,0.0791444040945871,0.0642828748056874,0.0561033034778736,0.0749904237977099,0.0607670196629893,0.0374466055891218,0.0977521147171255,0.0684511121737587,0,0.0941855524140751,0.0393843099272315,0.0628152849933063,0.0688587393834555,0.129359139794973,0.0915801739528814,0.215189255958275,0.0520823709564386,0.0848763437420995,0.0862982531373106,0.0538318894057735,0.0799996352360524,0.117040144297137,0.112727899654659,0.0765322486956638,0.0956044623427445,0.116851017603797,0.114805406884096
"Poole River",0.11695248017346,0.143730101366075,0.148700580181753,0.12587795524633,0.119937340244158,0.118137232417955,0.120769981857847,0.11722183331386,0.124256368880064,0.122676990842906,0.115130637189464,0.0964606332143562,0.126864414678151,0.132774023050437,0.119417810101406,0.118536889703239,0.125065184237854,0.140210199530778,0.0887244990608696,0.135702965579901,0.0836863704572013,8.00993805574451e-17,0.0899444375226452,0.109995978385224,0.117851660330497,0.0933952856540182,0.114400243477698,0.0883444036638507,0.139308827411856,0.103500971866289,0.110327529644114,0.113447704740651,0.105058615289148,0.0823527277872555,0.143323928028448,0.120064615271679,0.0941855524140751,0,0.0910400953061974,0.0934323270329057,0.116320013275113,0.16857709787547,0.134627459004918,0.247928618107939,0.0952662817904822,0.131944182721301,0.107930778145997,0.0986057744447043,0.120241010619516,0.150038518690609,0.118995349896183,0.128478314966659,0.169925147698008,0.146753832904921,0.161375310625104
